.Random.seed <-
c(403L, 10L, 125991124L, -1523529734L, -406339771L, 1830071199L, 
-1723227866L, 502698416L, -274085293L, 463451505L, -2008705888L, 
697840702L, 846412617L, -236361221L, 1777126858L, 978797356L, 
-2122716369L, -2126138907L, 340147356L, -534456078L, -1513172627L, 
166108839L, 1696977102L, 1817558568L, 295552555L, 462949449L, 
133598552L, -875744250L, 1902638561L, -1451860109L, 1883225058L, 
1080447828L, -626819497L, 1071408717L, 110057956L, 405697482L, 
-831916491L, -825533297L, 159790486L, -265402048L, -2093104125L, 
741160481L, -1396760304L, -1014984978L, 395342489L, -861975765L, 
-60205542L, 380435676L, 1796124895L, 1000169141L, -611968948L, 
-263035742L, 1970877437L, 1146974455L, -502491618L, 2051156184L, 
551902267L, -1241061927L, 1915962216L, -175100266L, -819443695L, 
1781918147L, -1160735278L, -1231823772L, 169454503L, 1993917693L, 
59154676L, 1650317274L, -1320678619L, 539449919L, -505536058L, 
-408250800L, -2099500429L, -1450733935L, -1894705472L, -100679522L, 
-1115100055L, -487130981L, 1697888682L, 887038412L, -706016113L, 
-921713467L, 1893270652L, -1484752686L, 55373L, -31764217L, 2001282286L, 
1788480968L, 1768846027L, 1752677161L, 935254904L, 1945313446L, 
-1371661631L, 368954195L, 1708521474L, -2059758284L, 690839223L, 
762872493L, 1094865860L, 933739498L, -273775531L, 1168398831L, 
2077753846L, -1287776480L, -2039183133L, 1519361409L, -322864144L, 
-1693474162L, 125736441L, -1047689333L, 70980538L, -966792516L, 
-116891137L, 272428885L, 1900767340L, -1759060798L, -1894303971L, 
-1816105577L, 149245182L, 79058616L, -1766283109L, -812660999L, 
1203390536L, 2052602742L, 1254842033L, 294375139L, -1989239374L, 
-2092775932L, 1253850439L, -567150563L, -186900844L, 173430330L, 
-1084639099L, 371076447L, -1667922458L, 122748016L, 1536384915L, 
-1478297551L, 912062176L, 1224425342L, -1099532791L, 1595285051L, 
-860356598L, 1966481388L, 317019247L, -239359067L, -1628337316L, 
891803442L, -1087560147L, 490925287L, -1453507058L, 132416488L, 
-350413333L, 1312999049L, 528283160L, 2094349638L, -404464735L, 
1275205171L, 1664338850L, -148603244L, -1892442857L, 1060506381L, 
-781886940L, -1776729590L, -1012114571L, -1291501873L, -729591338L, 
-1616822912L, -644729405L, 149508961L, -851318320L, 1376428334L, 
216484057L, 1240810219L, -1264136358L, 233584924L, 101847071L, 
-1125958539L, 533063948L, 111731938L, -627348035L, 2028444215L, 
-1490245410L, -1164409832L, -213148805L, -1635939559L, 1988868008L, 
1368921942L, 376164305L, -2003219581L, 1480470034L, 1807026596L, 
-691294873L, -145370435L, -1918447052L, 393955738L, 1222292965L, 
-1542958721L, 1350039814L, 1297621648L, -2001738957L, 1267300561L, 
-781682048L, 1765722974L, 1350178985L, 878607195L, -914986646L, 
-1060840436L, 1557675087L, 852716805L, -1320972868L, -1199658862L, 
249269133L, 13282247L, 1919971502L, 1826324744L, 1690836747L, 
1225796073L, -334827848L, 1147107686L, 1617246721L, -1944832877L, 
-896725182L, -2064973580L, 1222540535L, -1823673107L, 960202628L, 
-135890518L, -1244029163L, -57556272L, -551513924L, 335904404L, 
301756034L, 499400896L, 1743644476L, 355365008L, 481607202L, 
1762880520L, 473804044L, -1662075748L, -1128631790L, -821734528L, 
2131895828L, 1000128040L, -2126496454L, -734614064L, -1067566996L, 
481133876L, 476170898L, -1929937056L, 2111885132L, -555444256L, 
959171490L, -1376306264L, -764089972L, -1882248004L, -1557872270L, 
-1122461456L, 672012356L, 835200344L, 655460922L, -505901200L, 
1758219324L, 889451284L, -863799870L, -140476704L, -1891701892L, 
1627357904L, 893328546L, 1602232360L, -1761003252L, -1508344900L, 
-31560398L, 1125261760L, 612096564L, -1204949048L, 733605050L, 
1056108944L, -381054484L, -799545772L, 117552274L, 279135008L, 
559456716L, -1348196896L, -1756801342L, -2025965528L, -502626644L, 
1069371580L, 1467342322L, 1620667696L, -1027824476L, -118199624L, 
161192282L, -388732528L, 1174427516L, 2001651988L, 762445634L, 
1116753664L, -980798532L, 967394128L, -1252888798L, 1131902280L, 
-466751988L, 415164508L, -1062752046L, -667902464L, 2142363988L, 
82595304L, -1127437318L, -2135622448L, -1262741204L, -2091239692L, 
-1623450222L, -1179553696L, 1632269580L, -1263506720L, 119115106L, 
-1527242072L, 814148172L, 2092823932L, 1680353586L, -1678017424L, 
-70718652L, -2026962472L, 1021764730L, -710760912L, 67740348L, 
1706005332L, 562323522L, -390575712L, -804677956L, 1507823056L, 
231583074L, 1486252008L, -2061148212L, -889388292L, -306051598L, 
-1695073152L, -769140492L, 286603912L, 1192307514L, -817023152L, 
-1372652948L, 1781811348L, -466452142L, -1044420896L, 1517622988L, 
44341408L, -1957390462L, -2037610776L, 1856995052L, -840540100L, 
185886322L, 94139504L, -1436575196L, -706418632L, -1759842278L, 
590374608L, 1582718012L, 683760788L, 78563458L, 1554808768L, 
1058130236L, -1818007920L, -725491678L, -63801336L, 1891310732L, 
1448924188L, 2031209106L, 2064273536L, 2087281684L, -581682904L, 
-250340806L, 766276816L, 1066177644L, 650849972L, 193546258L, 
222103520L, 54158284L, 1709899232L, 1898037794L, -934925016L, 
1696474380L, 784653884L, 1009488114L, -1981624592L, -1103597756L, 
470482520L, 2047035962L, 692186864L, -966389572L, 1702531604L, 
-669936446L, 2075145312L, -1836515972L, 715313360L, 162382882L, 
1117249192L, 1991705484L, -1169125956L, 1660124210L, 1772365632L, 
1451009204L, -680695992L, -663352646L, -791068912L, 1492737260L, 
642040916L, 710602514L, 736802720L, -1617439796L, 1724920672L, 
-55786302L, -1123740120L, 1678071212L, -1590940868L, -1201260686L, 
-1277765840L, 15701540L, 2129142840L, -1134772006L, 171414928L, 
1563212540L, -488500332L, -1587554494L, -161751552L, 1317340732L, 
641223248L, 872142498L, 1027883848L, 460435980L, -982648612L, 
1753791058L, 280088704L, -223130796L, -702863896L, 704200442L, 
1398999888L, -665244628L, -772552332L, 102692498L, -178663840L, 
1889216140L, -1307871392L, 300030690L, 1284976808L, 642170060L, 
-1707384324L, -1380335694L, 1085254128L, -693238332L, -1234281640L, 
-692154502L, -1355180624L, -816605764L, 1041237076L, -1022052163L, 
430944810L, 1614945992L, -711193615L, 683482467L, -412019356L, 
1351604370L, -1706971801L, 169228081L, -384701322L, -143731308L, 
1635991973L, -306292049L, -1099551896L, 700716870L, 1128320755L, 
-1070927787L, 833432626L, 569592320L, -2117276951L, -43593381L, 
-1588266068L, -267896902L, -1747353233L, -1589081351L, 1773093774L, 
-1182241188L, 578395341L, -98180041L, -1721979200L, 1494030750L, 
-1730903445L, -1670247955L, -1597753254L, 1498908440L, 1746553985L, 
-863708621L, 197126228L, 966765666L, -1893612809L, 882781505L, 
1428790214L, -66098940L, 1144228021L, 1551988639L, -405891080L, 
-180565546L, -914861981L, 525567013L, 1723552706L, -1056823120L, 
-1844099879L, 853049931L, -553172804L, -295307542L, 481715999L, 
-2046830679L, 116744510L, 980420652L, -452831619L, 649033927L, 
365966768L, -985296946L, -2063428357L, -2130263203L, -1004222326L, 
415143592L, -865306095L, 1892731651L, 1424121348L, 127815218L, 
1199533703L, 735814353L, 231814230L, 1595505716L, 562831173L, 
-2083543665L, -95509240L, 982562598L, 945510355L, -589604555L, 
2064502930L, -733245344L, 1126122953L, -20112133L, -998042932L, 
-1560987814L, -417775025L, -21469415L, -415461074L, 436122428L, 
-1164961619L, -70042793L, 834973344L, -142022658L, -2035847477L, 
-1582612275L, -828062726L, 480817208L, -1839003167L, -1054821741L, 
108304564L, 51235266L, -14519849L, 1303109153L, 1116214758L, 
-111088412L, 1013732373L, -1833073601L, 752471000L, 2078088694L, 
-1914790397L, -1193289403L, 334691682L, 692723408L, 837466617L, 
-1545549525L, -786058596L, 1015535818L, 515232191L, -381012727L, 
-1165576674L, -1561105460L, -1015453283L, 503079975L, 1162848848L, 
-986196242L, 1008889755L, 1902927357L, -648593174L, 524673928L, 
-1346695887L, 156661155L, -264429148L, -1199655854L, 987680679L, 
-1938895887L, -890540234L, 1161481172L, -130686619L, 30121327L, 
-1745363032L, -1320512250L, 660642867L, 1102789269L, -1385428238L, 
1733096256L, -326641495L, 399281435L, -1203447060L, 82675450L, 
